200
574
715
54
546
495
130
3015
188
356
433
86
353
609
286
537
950
272
340
97
409
169
581
791
371
13
385
284
3586
61
620
36
508
431
142
678
851
101
237
856
354
393
194
214
577
91
102
125
600
398
281
423
172
86
549
44
571
164
164
469
294
466
572
108
1203
1040
599
219
619
451
737
211
662
304
494
692
206
267
339
295
229
199
33
121
25
827
15
2108
30
77
5753
413
78
362
345
407
214
348
130
324
36
98
226
204
180
515
479
9
562
2337
127
773
341
129
186
235
256
102
106
127
518
190
661
89
704
193
747
Số video
